tmc 1500 3190 0.000001 0 1 599940 0
< 1
b 1500 2875 600 125 0
< 2
b 1500 3505 600 125 0
< 3
b 1025 3190 125 240 0
< 4
b 1975 3190 125 240 0
< 5
b 1285 3190 25 240 0
< 6
b 1715 3190 25 240 0
< 7
ic 'isp' 2232 1922 1
zoomFactor 1.8
trigger
sfx 'none'
< 8
b 1175 3035 7.50 2.50 0
< 9
b 1175 3045 7.50 2.50 0
< 10
b 1175 3055 7.50 2.50 0
< 11
b 1190 3045 2.50 12.50 0
< 12
b 1195 3055 2.50 2.50 0
< 13
b 1180 3040 2.50 2.50 0
< 14
b 1170 3050 2.50 2.50 0
< 15
b 1200 3045 2.50 12.50 0
< 16
b 1195 3035 2.50 2.50 0
< 17
b 1210 3040 2.50 7.50 0
< 18
b 1220 3045 2.50 12.50 0
< 19
b 1215 3045 2.50 2.50 0
< 20
b 1240 3045 2.50 12.50 0
< 21
b 1230 3045 2.50 12.50 0
< 22
b 1235 3055 2.50 2.50 0
< 23
b 1235 3045 2.50 2.50 0
< 24
b 1235 3035 2.50 2.50 0
< 25
b 1827.50 3035 5 2.50 0
< 26
b 1830 3045 2.50 2.50 0
< 27
b 1832.50 3055 5 2.50 0
< 28
b 1825 3052.50 2.50 5 0
< 29
b 1835 3037.50 2.50 5 0
< 30
b 1800 3055 2.50 2.50 0
< 31
b 1805 3045 2.50 7.50 0
< 32
b 1795 3042.50 2.50 10 0
< 33
b 1780 3035 2.50 2.50 0
< 34
b 1785 3045 2.50 12.50 0
< 35
b 1780 3055 2.50 2.50 0
< 36
b 1775 3045 2.50 12.50 0
< 37
b 1762.50 3055 5 2.50 0
< 38
b 1755 3045 2.50 12.50 0
< 39
b 1762.50 3035 5 2.50 0
< 40
b 1815 3042.50 2.50 10 0
< 41
b 1810 3055 2.50 2.50 0
< 42
b 1205 3095 105 5 0
< 43
b 1795 3095 105 5 0
< 44
b 1205 3285 105 5 0
< 45
b 1795 3285 105 5 0
< 46
b 1235 3147.50 2.50 10 0
< 47
b 1235 3135 7.50 2.50 0
< 48
b 1217.50 3145 5 2.50 0
< 49
b 1217.50 3135 5 2.50 0
< 50
b 1210 3145 2.50 12.50 0
< 51
b 1197.50 3135 5 2.50 0
< 52
b 1197.50 3145 5 2.50 0
< 53
b 1197.50 3155 5 2.50 0
< 54
b 1190 3145 2.50 12.50 0
< 55
b 1177.50 3155 5 2.50 0
< 56
b 1170 3145 2.50 12.50 0
< 57
b 1195 3175 7.50 2.50 0
< 58
b 1195 3187.50 2.50 10 0
< 59
b 1215 3175 2.50 2.50 0
< 60
b 1220 3185 2.50 12.50 0
< 61
b 1215 3195 2.50 2.50 0
< 62
b 1210 3185 2.50 12.50 0
< 63
mbG 1220.50 3247.50 1 2.50 2.50 1 -1 0 -1
< 64
mbG 1205 3221.50 1 18 2.50 1 -1 0 -1
< 65
mbG 1205 3252.50 1 18 2.50 1 -1 0 -1
< 66
mbG 1189.50 3242.50 1 7.50 2.50 1 -1 0 -1
< 67
mbG 1220.50 3231.50 1 7.50 2.50 1 -1 0 -1
< 68
mbG 1189.50 3226.50 1 2.50 2.50 1 -1 0 -1
< 69
mbG 1189.50 3242.50 1 2.50 7.50 1 -1 0 -1
< 70
mbG 1220.50 3231.50 1 2.50 7.50 1 -1 0 -1
< 71
b 1797.50 3135 5 2.50 0
< 72
b 1810 3145 2.50 12.50 0
< 73
b 1757.50 3135 5 2.50 0
< 74
b 1750 3145 2.50 12.50 0
< 75
b 1755 3145 2.50 2.50 0
< 76
b 1775 3145 2.50 12.50 0
< 77
b 1775 3155 7.50 2.50 0
< 78
b 1775 3135 7.50 2.50 0
< 79
b 1790 3145 2.50 12.50 0
< 80
b 1797.50 3155 5 2.50 0
< 81
b 1835 3147.50 2.50 10 0
< 82
b 1820 3152.50 2.50 5 0
< 83
b 1835 3135 7.50 2.50 0
< 84
b 1815 3145 2.50 2.50 0
< 85
b 1820 3145 2.50 12.50 0
< 86
b 1760 3150 2.50 2.50 0
< 87
b 1760 3140 2.50 2.50 0
< 88
b 1760 3155 2.50 2.50 0
< 89
b 1800 3147.50 2.50 5 0
< 90
b 1800 3185 2.50 12.50 0
< 91
b 1805 3195 2.50 2.50 0
< 92
b 1810 3185 2.50 12.50 0
< 93
b 1805 3175 2.50 2.50 0
< 94
b 1785 3187.50 2.50 10 0
< 95
b 1785 3175 7.50 2.50 0
< 96
b 1775 3227.50 2.50 10 0
< 97
b 1810 3235 2.50 2.50 0
< 98
b 1825 3225 2.50 12.50 0
< 99
b 1795 3225 2.50 12.50 0
< 100
b 1790 3235 2.50 2.50 0
< 101
b 1785 3225 2.50 12.50 0
< 102
b 1790 3215 2.50 2.50 0
< 103
b 1755 3227.50 2.50 10 0
< 104
b 1765 3227.50 2.50 10 0
< 105
b 1765 3215 12.50 2.50 0
< 106
b 1815 3222.50 2.50 10 0
< 107
b 1805 3222.50 2.50 10 0
< 108
b 1832.50 3235 5 2.50 0
< 109
b 1832.50 3225 5 2.50 0
< 110
b 1832.50 3215 5 2.50 0
< 111
> 65
> 62
hinge  0 15 0 0 -1 10000
< 112
/ GLUE 69 65
< 113
/ GLUE 65 71
< 114
/ GLUE 71 68
< 115
/ GLUE 69 70
< 116
/ GLUE 67 70
< 117
/ GLUE 64 66
< 118
/ GLUE 66 70
< 119
> 8
> 1
spc 'Follow'
< 120